# id	left	top	right	bottom	texture_id
[SPRITES]
#STAR-GIANT-FLOWER
#CARD ITEM
100001	96	176	111	191	30
100002	112	176	127	191	30
100003	128	176	143	191	30
#FIREWORK
100004	96	192	111	207	30
100005	112	192	127	207	30
100006	128	192	143	207	30
100007	144	192	159	207	30
# ani_id	sprite1_id	time1	sprite2_id	time2	...
[ANIMATIONS]
#STAR
30001	100004	80	100007	80	100004	80	100007	80	100004	80	100007	80	100004	80
30002	100005	80	100007	80	100005	80	100007	80	100005	80	100007	80	100005	80
30003	100006	80	100007	80	100006	80	100007	80	100006	80	100007	80	100006	80

30004	100001	200
30005	100002	200
30006	100003	200