# id	left	top	right	bottom	texture_id
[SPRITES]
#RED_KOOPA
#WALK
#LEFT
35001	347	243	362	268	50
35002	365	241	380	268	50
#RIGHT
35101	365	214	380	239	50
35102	347	212	362	239	50
#SHELL
35003	394	240	409	255	50
35004	414	240	429	255	50
35005	432	240	447	255	50
35006	450	240	465	255	50
35007	469	240	484	255	50

# ani_id	sprite1_id	time1	sprite2_id	time2	...
[ANIMATIONS]
#WALK LEFT
6000	35001	100	35002	100
#WALK RIGHT
6100	35101	100	35102	100
#INSHELL
6001	35003	100
#KICKSHELL
6002	35004	100	35005	100	35006	100
#ACTIVATE
6003	35003	100	35007	100
