# id	left	top	right	bottom	texture_id
[SPRITES]
#####  BIG ###############
#IDLE
11121	216	243	229	270	0
11111	176	243	189	270	0

#WALKING RIGHT
11222	255	243	270	270	0
11223	295	244	310	270	0

#WALKING LEFT
11212	135	243	150	270	0
11213	95	244	110	270	0

#RUNNING RIGHT
11321	213	323	232	350	0
11322	253	323	272	350	0
11323	293	324	312	350	0

#RUNNING LEFT
11311	174	323	193	350	0
11312	134	323	153	350	0
11313	94	324	113	350	0

#JUMP WALK RIGHT & LEFT
11417	335	244	350	269	0
11413	55	244	70	269	0

#JUMP RUN RIGHT & LEFT
11427	333	364	352	389	0
11423	54	364	73	389	0

#SIT RIGHT & LEFT 
11521	376	248	389	265	0
11511	16	248	29	265	0

#KICK RIGHT & LEFT
11711	132	282	153	309	0
11721	252	282	273	309	0

#BRACE RIGHT & LEFT 
11621	175	283	190	310	0
11611	215	283	230	310	0

#RUN WITH SHELL RIGHT
11821	356	323	371	350	0
11831	384	323	399	350	0	

#RUN WITH SHELL LEFT
11841	34	323	49	350	0
11851	10	323	25	350	0

#STAND
11861	192	362	207	389	0

#DIE
13001	15	209	30	224	0

############ TANUKI ################
#IDLE
13121	212	443	233	470	0
13111	172	443	193	470	0	
#WALKING RIGHT
13222	262	443	283	470	0
13223	291	443	314	470	0

#WALKING LEFT
13112	122	443	143	470	0
13113	91	443	114	470	0

#RUNNING RIGHT
13321	211	523	234	550	0
13322	251	523	274	550	0
13323	291	523	314	550	0

#RUNNING LEFT
13311	171	523	194	550	0
13312	131	523	154	550	0
13313	91	523	114	550	0

#JUMP WALK RIGHT & LEFT
13417	331	443	354	470	0
13413	51	443	74	470	0

#JUMP RUN RIGHT & LEFT
13427	331	443	354	470	0
13423	51	443	74	470	0

#SIT RIGHT & LEFT 
13521	372	448	393	465	0
13511	12	448	33	465	0

#KICK RIGHT & LEFT
13711	137	483	158	510	0
13721	247	483	268	510	0

#BRACE RIGHT & LEFT 
13621	175	482	190	511	0
13611	215	482	230	511	0

#RUN WITH SHELL RIGHT
13821	351	523	372	550	0
13831	381	523	404	550	0	

#RUN WITH SHELL LEFT
13841	33	523	54	550	0
13851	1	523	24	550	0

#EFFECT TRANSFORM
13911	432	192	447	207	50
13912	448	192	463	207	50
13913	400	192	415	207	50
13914	416	192	431	207	50

#STAND
11861	192	362	207	389	0

############ SMALL ################
 #IDLE
12121	217	88	228	103	0
12111	177	88	188	103	0

#WALK RIGHT
12222	255	169	270	184	0
12223	256	89	270	104	0

#WALK LEFT
12212	135	169	150	184	0
12213	135	89	149	104	0

#RUN RIGHT
12321	255	169	270	184	0
12322	256	89	270	104	0
12323	215	169	230	184	0

#RUN LEFT
12311	135	169	150	184	0
12312	135	89	149	104	0
12313	175	169	190	184	0

#BRACE RIGHT & LEFT
12511	216	129	229	144	0
12521	176	129	189	144	0

#SIT RIGHT & LEFT
12621	376	248	389	265	0
12611	16	248	29	265	0	

#KICK RIGHT & LEFT
12711	135	129	150	144	0
12721	255	129	270	144	0	

#JUMP WALK RIGHT & LEFT 
12413	55	89	70	104	0
12417	335	89	350	104	0

#JUMP RUN RIGHT & LEFT 
12423	175	209	190	224	0
12427	215	209	230	224	0


# ani_id	sprite1_id	time1	sprite2_id	time2	...
[ANIMATIONS]
400	11121	100
401	11111	100

#WALKING RIGHT & LEFT 
500	11121	100	11222	100	11223	100
501	11111	100	11212	100	11213	100

#RUNNING RIGHT & LEFT
600	11321	50	11322	50	11323	50
601	11311	50	11312	50	11313	50

#JUMP WALK
700	11417	100
701	11413	100

#JUMP RUN
800	11427	100
801	11423	100

#SIT RIGHT & LEFT 
900	11521	100
901	11511	100

#BRACE RIGHT & LEFT 
1000	11621	100
1001	11611	100

#KICK RIGHT & LEFT
1020	11711	100
1021	11721	100

#RUN SHELL RIGHT & LEFT
#RIGHT
1050	11821	50	11831	50
#LEFT
1051	11841	50	11851	50
#STAND
1052	11861	10

#DIE
999	13001	100

################### SMALL #################
1100	12121	100
1102	12111	100


#WALK LEFT & RIGHT 
1200	12121	100	12222	100	12223	100
1201	12111	100	12212	100	12213	100

#RUN LEFT & RIGHT
1300	12321	100	12322	100	12323	100
1301	12311	100	12312	100	12313	100

#BRACE LEFT & RIGHT
1401	12511	100
1400	12521	100

#JUMP WALK
1500	12417	100
1501	12413	100

#KICK RIGHT & LEFT
1401	12711	100
1400	12721	100

#JUMP RUN 
1601	12423	100
1600	12427	100

################### TANUKI #################
1700	13121	100
1701	13111	100

#WALKING RIGHT & LEFT 
1800	13121	100	13222	100	13223	100
1801	13111	100	13112	100	13113	100

#RUNNING RIGHT & LEFT
1900	13321	50	13322	50	13323	50
1901	13311	50	13312	50	13313	50

#JUMP WALK
2000	13417	100
2001	13413	100

#JUMP RUN
2100	13427	100
2101	13423	100

#SIT RIGHT & LEFT 
2200	13521	100
2201	13511	100

#BRACE RIGHT & LEFT 
2300	13621	100
2301	13611	100

#KICK RIGHT & LEFT
2320	13711	100
2321	13721	100

#RUN SHELL RIGHT & LEFT
#RIGHT
2450	13821	50	13831	50
#LEFT
2451	13841	50	13851	50

#TRANSFORM_TANUKI
2511	13911	100	13912	100	13913	100	13914	100	13911	100
