# id	left	top	right	bottom	texture_id
[SPRITES]
#WALK
92101	64	6	83	29	10
92102	87	6	106	29	10

#FLY
92201	110	6	129	29	10
92202	134	6	153	29	10

#IDLE
92301	136	42	151	57	10
92302	156	42	171	57	10

#DIE
92401	176	34	191	57	10

# ani_id	sprite1_id	time1	sprite2_id	time2	...
[ANIMATIONS]
#WALK NO WING
5100	92101	150	92102	150	92101	150	92102	150
#WALK FLAP WING RIGHT
5101	92101	150	92202	150	92101	150	92202	150	92101	150	92202	150
#WALK FLAP WING LEFT
5102	92102	150	92201	150	92101	150	92201	150	92102	150	92201	150
#FLY RIGHT
5103	92101	50	92202	50	92101	50	92202	50	92101	50	92202	50	92101	200	92202	200
#FLY LEFT
5104	92102	50	92201	50	92102	50	92201	50	92102	50	92201	50	92102	200	92201	200
#DIE
5105	92401	1000
#WAlK NORMAL NO WING
5106	92301	150	92302	150