# id	left	top	right	bottom	texture_id
[SPRITES]
#Brick pie
94001	304	29	311	38	30

#SWITCHBLOCKSMOKE
94002	400	192	415	207	50
94006	400	208	415	223	50
94003	416	192	431	207	50
94007	416	208	431	223	50
94004	432	192	447	207	50
94008	432	208	447	223	50
94005	448	192	463	207	50
94009	448	208	463	223	50

#POINTS
#100
94010	59	503	70	510	50	
#200
94011	73	503	84	510	50
#400
94012	88	503	99	510	50
#800
94013	103	503	114	510	50
#1000
94014	118	503	133	510	50
#2000
94015	136	503	151	510	50
#4000
94016	155	503	170	510	50
#8000
94015	174	503	189	510	50
#1UP
94016	193	503	208	510	50

# ani_id	sprite1_id	time1	sprite2_id	time2	...
[ANIMATIONS]
21001	94001	100
21002	94002	50	94006	50	94003	50	94007	50	94004	50	94008	50	94005	50	94009	50