# list of object assets to load in this scene
[ASSETS]
datas\mario.txt
datas\coin.txt
datas\cloud.txt
datas\Pipe.txt
datas\floor.txt
datas\bgObject.txt
datas\itembox.txt
datas\giant.txt
datas\leaf.txt
datas\venusfire.txt
datas\fire.txt
datas\koopa.txt
datas\parakoopa.txt
datas\goomba.txt
datas\paragoomba.txt	
datas\HUD.txt
#
[OBJECTS]
# type	x	y	extra_settings per object type
# type: 0 = Mario , 1 = Brick, 2 = Goomba, 3 = Koopas
# See OBJECT_TYPE constants in AssetIDs.h

#Background Objects
6	72	125	127	63	1	60000	60000	60000
6	162	149	18	15	3	60003	60003	60003
#6	290	117	87	79	1	80020	80020	80020
6	140	45	1	1	1	60004	60004	60004
6	360	30	1	1	1	60005	60005	60005
6	686	133	18	15	6	60003	60003	60003
6	900	109	126	63	1	60001	60001	60001
6	994	117	62	47	1	60002	60002	60002
6	1070	133	18	15	2	60003	60003	60003
6	670	25	1	1	1	60005	60005	60005
6	775	55	1	1	1	60006	60006	60006
6	1200	149	18	15	3	60003	60003	60003
6	1760	149	18	15	3	60003	60003	60003
6	1949	133	1	1	1	60002	60002	60002
6	2452	93	1	1	1	60018	60018	60018
6	2382	42	1	1	1	60005	60005	60005
#VENUS_FIRE
#9	370	125
#13	1900	121
#14	1836	137

#Plaform Box
5	297	117	50	80	1	60111	60111	60111
6	325	121	1	1	1	60211	60211	60211
5	265	133	47	48	1	60110	60110	60110
5	553	101	64	112	1	60123	60123	60123
6	589	89	1	1	1	60223	60223	60223
5	505	117	60	80	1	60121	60121	60121
5	449	133	77	48	1	60120	60120	60120
5	569	141	96	32	1	60122	60122	60122
6	621	145	1	1	1	60222	60222	60222
5	1335	141	111	32	1	60124	60124	60124
5	1367	125	111	64	1	60125	60125	60125
5	1403	109	111	96	1	60126	60126	60126
5	2196	133	47	48	1	60110	60110	60110
5	2228	85	47	143	1	60127	60127	60127
6	2256	89	1	1	1	60227	60227	60227
5	1432	-63	15	15	4	60013	60013	60013
5	1509	-79	15	15	13	60013	60013	60013
5	1351	-103	63	31	1	60128	60128	60128
6	1359	-95	1	1	1	60228	60228	60228

#OBSTACLE
1	370	133	31	47	60007
1	1533	85	15	15	60008
1	1549	85	15	15	60008
1	1626	149	15	15	60008	
1	1611	149	15	15	60008
1	1596	149	15	15	60008
1	1626	133	15	15	60008
1	1611	133	15	15	60008
1	1626	117	15	15	60008
1	1695	149	15	15	60008
1	1711	149	15	15	60008
1	1727	149	15	15	60008
1	1695	133	15	15	60008
1	1711	133	15	15	60008
1	1695	117	15	15	60008
1	1836	141	31	31	60015
1	1900	133	31	47	60007
20	1988	149	
20	2004	149
20	2020	149
20	2036	149
20	2052	149
20	2068	149
20	2084	149
20	2004	133
20	2020	133
20	2036	133
20	2052	133
20	2068	133
20	2020	117
20	2036	117
20	2052	117
20	2068	117
20	2132	149
20	2148	149
20	2132	133
1	2306	141	29	31	60016
1	2298	117	15	15	60008
1	2314	117	15	15	60008
1	2298	53	15	15	60008
1	2314	53	15	15	60008
1	2306	-51	31	191	60017
1	2372	141	31	31	60015

#1	880	133	31	47	60007
#1	800	133	31	47	60007

#KOOPA
10	595	112	1
10	1351	47	3
10	1399	47	3
10	1447	47	3
10	1500	143	2
10	2131	112	1
#test koopa
#10 950	110	3
#10	723	74	1
#10	570	112	2
#10	550	47	3

#10	850	110	2
# MARIO
0	50	110

#GOOMBA
2	233	150
2	545	150
2	859	134
2	907	134
12	972	130
#2 	850	134

#ITEMBOX
7	180	102	1
7	196	102	1
7	233	57	1
7	249	57	0
7	435	71	1
7	670	133	0
7	723	95	1
7	1500	118	0
7	1463	-127	2

#COIN
4	1376	-175
4	1360	-175
4	1344	-175
4	1496	-143
4	1512	-143
4	1554	-127
4	1570	-127
4	1586	-127
4	1602	-127
4	1629	-143
4	1645	-143
4	1661	-143
4	1677	-143
4	1706	-111
4	1738	-143
4	1770	-127
4	1818	-159
4	1850	-127
4	1103	69
4	1135	38
4	1167	7
4	1199	-23
4	1231	-53
#Platform
11	8	165	15	16	42	55000	55001	55002
11	655	157	47	32	1	55100	55100	55100
11	690	157	23	32	18	55101	55101	55101
11	1102	157	17	32	1	55102	55102	55102
11	1172	165	15	16	24	55000	55001	55002
11	1566	165	15	16	5	55000	55001	55002
11	1695	165	15	16	39	55000	55001	55002
11	2298	165	15	16	39	55000	55001	55002
#Portal 
#50	200	160	216	180	1

#HUD
60	0	0





