# list of object assets to load in this scene
[ASSETS]
datas\mario.txt
datas\coin.txt
datas\bgObject.txt	
datas\HUD.txt
#
[OBJECTS]
# type	x	y	extra_settings per object type
# type: 0 = Mario , 1 = Brick, 2 = Goomba, 3 = Koopas
# See OBJECT_TYPE constants in AssetIDs.h

#OBSTACLE

#BACKGROUND
6	300	120	1	1	1	60020	60020	60020

#127	15

# MARIO
0	127	15

#MARIO_EXIT_PIPE


#COIN
4	233	131
4	218	131
4	249	115
4	249	99
4	202	115
4	233	83
4	218	83
4	249	67
4	249	51
4	233	35
4	218	35
4	202	51
#Platform
11	-7	187	16	15	32	60014	60014	60014
11	-7	171	16	15	32	60014	60014	60014
11	-7	155	16	15	8	60014	60014	60014
11	-7	139	16	15	8	60014	60014	60014
11	-7	123	16	15	8	60014	60014	60014
11	-7	107	16	15	8	60014	60014	60014
11	-7	91	16	15	8	60014	60014	60014
11	-7	75	16	15	8	60014	60014	60014
11	-7	59	16	15	8	60014	60014	60014
11	-7	43	16	15	8	60014	60014	60014
11	-7	27	16	15	8	60014	60014	60014
11	-7	11	16	15	8	60014	60014	60014

11	153	11	16	15	12	60014	60014	60014

11	249	155	16	15	16	60014	60014	60014
11	265	139	16	15	15	60014	60014	60014
11	281	123	16	15	14	60014	60014	60014
11	297	107	16	15	13	60014	60014	60014
11	313	91	16	15	12	60014	60014	60014
11	329	75	16	15	11	60014	60014	60014

11	377	59	16	15	8	60014	60014	60014
11	377	43	16	15	8	60014	60014	60014
11	377	27	16	15	8	60014	60014	60014
11	377	11	16	15	8	60014	60014	60014


#Pipe
15	129	18	31	33	60019	0
15	353	18	31	33	60019	1

#Portal 
50	355	30	370	35	3

#HUD
60	0	0


