# id	left	top	right	bottom	texture_id
[SPRITES]
#RED
#LEFT
#UP
90100	181	240	196	271	50
90101	205	240	220	271	50	
#DOWN
90200	131	240	146	271	50
90201	157	240	172	271	50
#RIGHT
#UP
90102	261	240	276	271	50
90103	237	240	252	271	50
#DOWN
90202	311	240	326	271	50
90203	285	240	300	271	50
#GREEN
#LEFT
#UP
90300	181	277	196	300	50
90301	205	277	220	300	50	
#DOWN
90400	131	277	146	300	50
90401	157	277	172	300	50
#RIGHT
#UP
90302	261	277	276	300	50
90303	237	277	252	300	50
#DOWN
90402	311	277	326	300	50
90403	285	277	300	300	50
#PIRANHATRAP
90501	336	277	351	300	50
90502	359	277	374	300	50

# ani_id	sprite1_id	time1	sprite2_id	time2	...
[ANIMATIONS]
#RED
#LEFT
#arise_up
14000	90100	200	90101	200	90100	200
#arise_down
14001	90200	200	90201	200	90201	200
#shoot_up
14002	90100	1000
#shoot_down
14003	90200	1000
#RIGHT
#arise_up
14004	90102	100	90103	100	90102	100
#arise_down
14005	90202	100	90203	100	90202	100
#shoot_up
14006	90102	1000
#shoot_down
14007	90202	1000
#GREEN
#LEFT
#arise_up
14008	90300	200	90301	200	90300	200
#arise_down
14009	90400	200	90401	200	90401	200
#shoot_up
14010	90300	1000
#shoot_down
14011	90400	1000
#RIGHT
#arise_up
14012	90302	100	90303	100	90302	100
#arise_down
14013	90402	100	90403	100	90402	100
#shoot_up
14014	90302	1000
#shoot_down
14015	90402	1000
#PIRANHATRAP
14016	90501	100	90502	100	90501	100